50 10
0 1553 0 131 0 1757 0 0 449 1540 0 1154 0 130 547 618 1770 0 0 0 1934 740 7 0 0 0 0 0 0 0 1047 0 0 0 0 1977 1486 0 1301 732 0 786 0 0 495 0 209 650 374 0 
1553 0 0 0 105 774 1713 311 0 19 0 0 1726 0 0 1209 1789 0 455 279 1324 0 0 887 0 1106 931 0 0 864 1575 0 1396 1375 1766 166 1505 1078 1011 0 0 0 0 0 0 1379 0 160 0 0 
0 0 0 87 1267 1606 0 789 0 1341 0 0 1015 0 39 203 1870 1515 0 1567 0 0 1526 1544 0 0 0 0 691 1981 0 1475 1029 0 0 1604 0 1710 0 0 0 0 0 0 1503 0 0 0 0 1699 
131 0 87 0 0 1425 1416 0 491 1345 1743 0 213 755 1960 1567 0 0 0 0 0 1324 469 1318 734 0 931 1718 0 1507 0 1924 1063 0 0 0 0 0 809 1992 1336 255 306 1099 0 0 0 0 0 0 
0 105 1267 0 0 1392 0 0 940 699 1311 0 658 0 1586 1941 0 475 1731 1057 1225 949 1123 1521 1860 0 0 0 0 814 158 1172 94 688 0 796 0 298 990 0 0 0 0 1779 518 0 0 1726 0 1029 
1757 774 1606 1425 1392 0 0 0 0 0 0 0 429 0 0 0 0 706 1461 0 1239 0 0 0 760 0 1875 0 0 0 0 1102 1510 1169 0 0 1075 483 1975 1766 0 0 0 1845 1550 371 0 1 39 949 
0 1713 0 1416 0 0 0 1266 705 0 1050 0 0 0 0 1613 0 0 1973 1784 1154 490 0 0 1817 199 502 0 0 1362 0 1075 0 0 432 61 0 0 0 66 0 0 0 0 0 1339 0 0 1008 262 
0 311 789 0 0 0 1266 0 1159 595 0 1331 866 95 1883 106 836 0 882 201 131 0 0 661 1748 0 572 0 1706 204 61 0 1788 1650 0 1189 1000 1485 0 1832 294 0 779 197 0 63 1241 1562 29 644 
449 0 0 491 940 0 705 1159 0 0 610 0 1767 1793 461 744 944 1549 336 1974 1147 1318 322 125 0 1752 0 609 996 1526 1270 0 148 1637 1604 1848 0 0 0 1456 0 0 315 0 78 0 131 1607 0 92 
1540 19 1341 1345 699 0 0 595 0 0 180 0 0 0 0 1596 0 0 49 0 1939 1378 1358 0 0 1210 120 1682 1300 0 0 1089 0 268 1992 1363 0 776 0 1439 351 0 0 0 1222 0 0 842 0 1101 
0 0 0 1743 1311 0 1050 0 610 180 0 0 214 1343 0 1717 969 0 0 0 0 269 478 350 0 0 0 1896 0 0 0 0 1148 1607 1674 1099 986 0 0 0 258 190 0 1102 1822 0 0 728 1843 0 
1154 0 0 0 0 0 0 1331 0 0 0 0 0 0 1055 1268 978 0 0 279 0 1938 0 0 1024 1519 0 1437 508 0 0 557 0 1637 0 0 0 0 0 1920 1962 0 0 123 1973 1419 1226 875 0 0 
0 1726 1015 213 658 429 0 866 1767 0 214 0 0 0 0 1541 908 0 0 615 1459 737 1374 0 0 1578 1614 1341 1300 153 0 0 0 1718 1115 1296 0 739 0 0 0 6 640 0 1401 1287 1603 0 0 1426 
130 0 0 755 0 0 0 95 1793 0 1343 0 0 0 1818 0 1309 476 0 1960 740 1445 1243 1201 0 1342 0 302 0 192 1087 1672 893 808 660 1942 0 1449 590 0 237 0 1839 1683 0 219 972 0 1632 0 
547 0 39 1960 1586 0 0 1883 461 0 0 1055 0 1818 0 0 0 0 0 1680 917 799 0 171 0 1451 69 475 434 0 0 1671 0 0 0 475 945 0 1481 230 0 179 484 672 0 735 0 0 1154 1902 
618 1209 203 1567 1941 0 1613 106 744 1596 1717 1268 1541 0 0 0 0 0 425 1131 1638 0 0 0 0 686 0 0 1771 0 704 1982 1473 0 822 790 0 1801 938 1623 0 0 869 773 0 1070 1673 0 1100 0 
1770 1789 1870 0 0 0 0 836 944 0 969 978 908 1309 0 0 0 0 792 0 966 1585 858 1952 0 0 85 36 1528 0 0 1377 581 1114 0 1487 1935 0 166 1797 0 0 0 1541 1725 0 0 547 0 0 
0 0 1515 0 475 706 0 0 1549 0 0 0 0 476 0 0 0 0 603 1715 0 0 1074 1615 143 1127 281 1638 182 1560 391 1019 1006 1091 0 626 0 1280 472 0 0 1437 154 1105 0 0 0 1263 847 0 
0 455 0 0 1731 1461 1973 882 336 49 0 0 0 0 0 425 792 603 0 1041 165 655 111 0 0 0 72 0 593 113 0 0 0 683 0 1226 0 0 0 1829 1235 1021 1656 727 1906 0 716 0 1564 29 
0 279 1567 0 1057 0 1784 201 1974 0 0 279 615 1960 1680 1131 0 1715 1041 0 1650 1367 0 654 244 905 0 0 1895 1619 1074 0 1189 0 0 369 0 412 830 0 663 1171 687 0 1157 1179 0 0 0 0 
1934 1324 0 0 1225 1239 1154 131 1147 1939 0 0 1459 740 917 1638 966 0 165 1650 0 864 0 149 0 216 78 596 0 597 0 891 0 1931 509 472 0 51 60 181 799 0 0 0 1752 792 437 0 0 0 
740 0 0 1324 949 0 490 0 1318 1378 269 1938 737 1445 799 0 1585 0 655 1367 864 0 0 338 1691 1522 447 1466 1827 0 1481 46 1271 466 0 0 0 682 0 0 859 373 454 0 1067 1643 0 0 836 308 
7 0 1526 469 1123 0 0 0 322 1358 478 0 1374 1243 0 0 858 1074 111 0 0 0 0 948 808 273 1020 0 0 0 0 0 1751 0 794 1116 0 768 58 0 993 0 0 65 591 0 885 442 0 0 
0 887 1544 1318 1521 0 0 661 125 0 350 0 0 1201 171 0 1952 1615 0 654 149 338 948 0 18 1478 0 1654 1607 0 1059 0 0 178 0 0 0 1319 0 0 1475 0 288 1312 0 1468 0 1292 0 0 
0 0 0 734 1860 760 1817 1748 0 0 0 1024 0 0 0 0 0 143 0 244 0 1691 808 18 0 0 212 0 1278 0 0 0 1143 417 756 350 1327 1979 223 0 270 0 0 0 1654 0 1328 1214 1941 540 
0 1106 0 0 0 0 199 0 1752 1210 0 1519 1578 1342 1451 686 0 1127 0 905 216 1522 273 1478 0 0 448 1678 742 0 623 0 127 632 0 225 0 0 0 1416 1904 725 693 1015 573 0 1906 1260 0 0 
0 931 0 931 0 1875 502 572 0 120 0 0 1614 0 69 0 85 281 72 0 78 447 1020 0 212 448 0 1536 1627 0 615 0 0 0 0 1164 548 1987 1140 0 1141 1080 0 1366 635 861 0 0 0 1188 
0 0 0 1718 0 0 0 0 609 1682 1896 1437 1341 302 475 0 36 1638 0 0 596 1466 0 1654 0 1678 1536 0 926 219 0 0 28 1336 1373 0 1632 851 1112 273 0 0 1036 1394 266 0 1432 1974 0 1699 
0 0 691 0 0 0 0 1706 996 1300 0 508 1300 0 434 1771 1528 182 593 1895 0 1827 0 1607 1278 742 1627 926 0 1921 0 0 0 0 357 0 0 1401 0 0 401 0 562 0 1727 0 1085 1514 1097 0 
0 864 1981 1507 814 0 1362 204 1526 0 0 0 153 192 0 0 0 1560 113 1619 597 0 0 0 0 0 0 219 1921 0 1792 0 0 1591 0 0 0 0 0 0 1738 369 354 139 790 463 1781 1930 0 0 
1047 1575 0 0 158 0 0 61 1270 0 0 0 0 1087 0 704 0 391 0 1074 0 1481 0 1059 0 623 615 0 0 1792 0 0 1497 1638 1140 0 0 0 736 1820 966 1069 1223 0 0 0 965 0 176 0 
0 0 1475 1924 1172 1102 1075 0 0 1089 0 557 0 1672 1671 1982 1377 1019 0 0 891 46 0 0 0 0 0 0 0 0 0 0 153 0 1293 0 1289 1602 830 914 927 0 0 39 0 0 1626 996 0 0 
0 1396 1029 1063 94 1510 0 1788 148 0 1148 0 0 893 0 1473 581 1006 0 1189 0 1271 1751 0 1143 127 0 28 0 0 1497 153 0 1289 0 1360 0 0 9 0 0 0 0 0 507 549 0 1996 0 0 
0 1375 0 0 688 1169 0 1650 1637 268 1607 1637 1718 808 0 0 1114 1091 683 0 1931 466 0 178 417 632 0 1336 0 1591 1638 0 1289 0 0 0 1768 0 971 120 287 1713 0 840 1551 0 1966 0 249 1672 
0 1766 0 0 0 0 432 0 1604 1992 1674 0 1115 660 0 822 0 0 0 0 509 0 794 0 756 0 0 1373 357 0 1140 1293 0 0 0 1101 1240 0 1349 0 0 0 586 965 1711 1205 0 677 0 0 
1977 166 1604 0 796 0 61 1189 1848 1363 1099 0 1296 1942 475 790 1487 626 1226 369 472 0 1116 0 350 225 1164 0 0 0 0 0 1360 0 1101 0 867 0 1115 1996 970 1770 146 0 811 0 120 0 0 859 
1486 1505 0 0 0 1075 0 1000 0 0 986 0 0 0 945 0 1935 0 0 0 0 0 0 0 1327 0 548 1632 0 0 0 1289 0 1768 1240 867 0 160 692 705 0 0 1374 0 0 0 0 0 706 425 
0 1078 1710 0 298 483 0 1485 0 776 0 0 739 1449 0 1801 0 1280 0 412 51 682 768 1319 1979 0 1987 851 1401 0 0 1602 0 0 0 0 160 0 864 0 975 0 0 0 0 1514 0 0 0 0 
1301 1011 0 809 990 1975 0 0 0 0 0 0 0 590 1481 938 166 472 0 830 60 0 58 0 223 0 1140 1112 0 0 736 830 9 971 1349 1115 692 864 0 1019 0 0 360 0 0 1366 687 0 548 650 
732 0 0 1992 0 1766 66 1832 1456 1439 0 1920 0 0 230 1623 1797 0 1829 0 181 0 0 0 0 1416 0 273 0 0 1820 914 0 120 0 1996 705 0 1019 0 583 0 841 1536 827 1157 589 1206 173 773 
0 0 0 1336 0 0 0 294 0 351 258 1962 0 237 0 0 0 0 1235 663 799 859 993 1475 270 1904 1141 0 401 1738 966 927 0 287 0 970 0 975 0 583 0 0 0 0 104 159 1983 0 0 0 
786 0 0 255 0 0 0 0 0 0 190 0 6 0 179 0 0 1437 1021 1171 0 373 0 0 0 725 1080 0 0 369 1069 0 0 1713 0 1770 0 0 0 0 0 0 691 1478 0 0 1362 958 0 0 
0 0 0 306 0 0 0 779 315 0 0 0 640 1839 484 869 0 154 1656 687 0 454 0 288 0 693 0 1036 562 354 1223 0 0 0 586 146 1374 0 360 841 0 691 0 212 0 0 0 1203 0 1420 
0 0 0 1099 1779 1845 0 197 0 0 1102 123 0 1683 672 773 1541 1105 727 0 0 0 65 1312 0 1015 1366 1394 0 139 0 39 0 840 965 0 0 0 0 1536 0 1478 212 0 875 0 1719 0 1219 0 
495 0 1503 0 518 1550 0 0 78 1222 1822 1973 1401 0 0 0 1725 0 1906 1157 1752 1067 591 0 1654 573 635 266 1727 790 0 0 507 1551 1711 811 0 0 0 827 104 0 0 875 0 535 542 0 1147 576 
0 1379 0 0 0 371 1339 63 0 0 0 1419 1287 219 735 1070 0 0 0 1179 792 1643 0 1468 0 0 861 0 0 463 0 0 549 0 1205 0 0 1514 1366 1157 159 0 0 0 535 0 1154 0 238 0 
209 0 0 0 0 0 0 1241 131 0 0 1226 1603 972 0 1673 0 0 716 0 437 0 885 0 1328 1906 0 1432 1085 1781 965 1626 0 1966 0 120 0 0 687 589 1983 1362 0 1719 542 1154 0 44 0 0 
650 160 0 0 1726 1 0 1562 1607 842 728 875 0 0 0 0 547 1263 0 0 0 0 442 1292 1214 1260 0 1974 1514 1930 0 996 1996 0 677 0 0 0 0 1206 0 958 1203 0 0 0 44 0 1350 1620 
374 0 0 0 0 39 1008 29 0 0 1843 0 0 1632 1154 1100 0 847 1564 0 0 836 0 0 1941 0 0 0 1097 0 176 0 0 249 0 0 706 0 548 173 0 0 0 1219 1147 238 0 1350 0 1230 
0 0 1699 0 1029 949 262 644 92 1101 0 0 1426 0 1902 0 0 0 29 0 0 308 0 0 540 0 1188 1699 0 0 0 0 0 1672 0 859 425 0 650 773 0 0 1420 0 576 0 0 1620 1230 0 
